Define CharList
 ( 'A', 'B', 'C', 'D', 'E', 'F', 'G', 'H', 'I', 'J', 'K', 'L', 'M', 'N', 'O', 'P',
   'Q', 'R', 'S', 'T', 'U', 'V', 'W', 'X', 'Y', 'Z', 'a', 'b', 'c', 'd', 'e', 'f',
   'g', 'h', 'i', 'j', 'k', 'l', 'm', 'n', 'o', 'p', 'q', 'r', 's', 't', 'u', 'v',
   'w', 'x', 'y', 'z', '0', '1', '2', '3', '4', '5', '6', '7', '8', '9', '~', '`',
   '!', '@', '#', '$', '%', '^', '&', '*', '(', ')', '-', '_', '=', '+', '[', '{',
   ']', '}', ';', ':',"'", '"', ',', '<', '.', '>', '/', '?');

Define WidthList
 (  11,  10,  11,  11,  11,  11,  11,  12,   7,  11,  12,  11,  14,  12,  11,  11,
    11,  10,  10,  11,  11,  12,  14,  13,  11,  11,  11,  10,  11,  11,  11,  11,
    11,  12,   7,  11,  12,  11,  14,  12,  11,  11,  11,  10,  10,  11,  11,  12,
    14,  13,  11,  11,  11,   9,  11,  11,  11,  11,  11,  10,  11,  11,  15,   7,
     8,  18,  18,  12,  20,  15,  11,  12,  12,  11,  12,  10,  12,  12,  11,  15,
    11,  15,   7,   7,   7,  11,   7,  13,   7,  13,  13,  12);

Define RectList
 ( (   0,  0, 10, 32), (  11,  0, 10, 32), (  22,  0,  8, 32), (  31,  0,  9, 32),
   (  41,  0,  8, 32), (  50,  0,  8, 32), (  59,  0,  8, 32), (  68,  0,  9, 32),
   (  78,  0,  3, 32), (  82,  0,  8, 32), (  91,  0,  9, 32), ( 101,  0,  8, 32),
   ( 110,  0, 14, 32), ( 125,  0,  9, 32), ( 135,  0,  8, 32), ( 144,  0,  9, 32),
   ( 154,  0,  8, 32), ( 163,  0, 10, 32), ( 174,  0,  9, 32), ( 184,  0,  7, 32),
   ( 192,  0,  8, 32), ( 201,  0, 10, 32), ( 212,  0, 14, 32), ( 227,  0, 10, 32),
   ( 238,  0,  8, 32), ( 247,  0,  8, 32), ( 256,  0, 10, 32), ( 267,  0, 10, 32),
   ( 278,  0,  8, 32), ( 287,  0,  9, 32), ( 297,  0,  8, 32), ( 306,  0,  8, 32),
   ( 315,  0,  8, 32), ( 324,  0,  9, 32), ( 334,  0,  3, 32), ( 338,  0,  8, 32),
   ( 347,  0,  9, 32), ( 357,  0,  8, 32), ( 366,  0, 14, 32), ( 381,  0,  9, 32),
   ( 391,  0,  8, 32), ( 400,  0,  9, 32), ( 410,  0,  8, 32), ( 419,  0, 10, 32),
   ( 430,  0,  9, 32), ( 440,  0,  7, 32), ( 448,  0,  8, 32), ( 457,  0, 10, 32),
   ( 468,  0, 14, 32), ( 483,  0, 10, 32), ( 494,  0,  8, 32), ( 503,  0,  8, 32),
   ( 512,  0,  8, 32), ( 521,  0,  5, 32), ( 527,  0,  8, 32), ( 536,  0,  8, 32),
   ( 545,  0,  8, 32), ( 554,  0,  8, 32), ( 563,  0,  9, 32), ( 573,  0, 10, 32),
   ( 584,  0,  8, 32), ( 593,  0,  9, 32), ( 603,  0, 12, 32), ( 616,  0,  4, 32),
   ( 621,  0,  5, 32), ( 627,  0, 18, 32), ( 646,  0, 15, 32), ( 662,  0,  8, 32),
   ( 671,  0, 17, 32), ( 689,  0, 12, 32), ( 702,  0,  7, 32), ( 710,  0, 11, 32),
   ( 722,  0,  8, 32), ( 731,  0,  7, 32), ( 739,  0,  9, 32), ( 749,  0, 10, 32),
   ( 760,  0,  9, 32), ( 770,  0,  9, 32), ( 780,  0,  8, 32), ( 789,  0, 12, 32),
   ( 802,  0,  8, 32), ( 811,  0, 12, 32), ( 824,  0,  3, 32), ( 828,  0,  3, 32),
   ( 832,  0,  3, 32), ( 836,  0,  8, 32), ( 845,  0,  3, 32), ( 849,  0, 11, 32),
   ( 861,  0,  3, 32), ( 865,  0, 12, 32), ( 878,  0, 10, 32), ( 889,  0,  9, 32));

Define OffsetList
 ( ( 0, 0), ( 0, 0), ( 1, 0), ( 1, 0), ( 1, 0), ( 1, 0), ( 1, 0), ( 1, 0),
   ( 1, 0), ( 1, 0), ( 1, 0), ( 1, 0), (-1, 0), ( 1, 0), ( 1, 0), ( 1, 0),
   ( 1, 0), (-1, 0), ( 0, 0), ( 1, 0), ( 1, 0), ( 1, 0), (-1, 0), ( 1, 0),
   ( 1, 0), ( 1, 0), ( 0, 0), ( 0, 0), ( 1, 0), ( 1, 0), ( 1, 0), ( 1, 0),
   ( 1, 0), ( 1, 0), ( 1, 0), ( 1, 0), ( 1, 0), ( 1, 0), (-1, 0), ( 1, 0),
   ( 1, 0), ( 1, 0), ( 1, 0), (-1, 0), ( 0, 0), ( 1, 0), ( 1, 0), ( 1, 0),
   (-1, 0), ( 1, 0), ( 1, 0), ( 1, 0), ( 1, 0), ( 1, 0), ( 1, 0), ( 1, 0),
   ( 1, 0), ( 1, 0), ( 1, 0), ( 0, 0), ( 1, 0), ( 0, 0), ( 1, 0), ( 1, 0),
   ( 1, 0), ( 0, 0), ( 1, 0), ( 1, 0), ( 1, 0), ( 1, 0), ( 1, 0), ( 0, 0),
   ( 1, 0), ( 1, 0), ( 1, 0), ( 0, 0), ( 1, 0), ( 1, 0), ( 1, 0), ( 1, 0),
   ( 1, 0), ( 1, 0), ( 1, 0), ( 1, 0), ( 1, 0), ( 1, 0), ( 1, 0), ( 1, 0),
   ( 1, 0), ( 0, 0), ( 1, 0), ( 1, 0));

CreateLayer               Main;
LayerSetImage             Main 'ArmorPiercing22';
LayerSetAscent            Main 32;
LayerSetCharWidths        Main CharList WidthList;
LayerSetCharWidths        Main (' ') (7);
LayerSetImageMap          Main CharList RectList;
LayerSetCharOffsets       Main CharList OffsetList;
LayerSetAscentPadding     Main 0;
LayerSetLineSpacingOffset Main 0;
LayerSetPointSize         Main 22;

SetDefaultPointSize  22;
