Define CharList
 ( 'A', 'B', 'C', 'D', 'E', 'F', 'G', 'H', 'I', 'J', 'K', 'L', 'M', 'N', 'O', 'P',
   'Q', 'R', 'S', 'T', 'U', 'V', 'W', 'X', 'Y', 'Z', 'a', 'b', 'c', 'd', 'e', 'f',
   'g', 'h', 'i', 'j', 'k', 'l', 'm', 'n', 'o', 'p', 'q', 'r', 's', 't', 'u', 'v',
   'w', 'x', 'y', 'z', '0', '1', '2', '3', '4', '5', '6', '7', '8', '9', '~', '`',
   '!', '@', '#', '$', '%', '^', '&', '*', '(', ')', '-', '_', '=', '+', '[', '{',
   ']', '}', ';', ':',"'", '"', ',', '<', '.', '>', '/', '?', '¡', '¢', '£', '¥',
   '§', '©', '®', '¿', 'À', 'Á', 'Â', 'Ã', 'Ä', 'Å', 'Æ', 'Ç', 'È', 'É', 'Ê', 'Ë',
   'Ì', 'Í', 'Î', 'Ï', 'Ð', 'Ñ', 'Ò', 'Ó', 'Ô', 'Õ', 'Ö', 'Ø', 'Ù', 'Ú', 'Û', 'Ü',
   'Ý', 'ß', 'à', 'á', 'â', 'ã', 'ä', 'å', 'æ', 'ç', 'è', 'é', 'ê', 'ë', 'ì', 'í',
   'î', 'ï', 'ð', 'ñ', 'ò', 'ó', 'ô', 'õ', 'ö', 'ø', 'ù', 'ú', 'û', 'ü', 'ý', 'ÿ');

Define WidthList
 (  10,   9,   8,   9,   8,   8,   9,   9,   4,   5,   9,   8,  12,   9,   9,   9,
     9,   9,   8,   7,   9,   9,  13,   9,   9,   8,   8,   8,   7,   8,   8,   4,
     8,   8,   3,   3,   8,   3,  12,   8,   8,   8,   8,   4,   7,   4,   8,   8,
    11,   7,   8,   8,   9,   9,   9,   9,   9,   9,   9,   9,   9,   9,   9,   5,
     4,  11,  11,   8,  14,   9,   0,   7,   5,   5,   5,   8,  10,   9,   4,   5,
     4,   5,   4,   4,   3,   5,   3,   9,   3,   9,   9,   8,   4,   7,  10,  11,
     8,  12,  12,   8,  10,  10,  10,  10,  10,  10,  19,  10,   8,   8,   8,   9,
     4,   5,   4,   4,  11,   9,   9,   9,   9,   9,   9,  13,   9,   9,   9,   9,
     9,   9,   9,   8,   8,   8,   8,   9,  14,   8,   8,   8,   8,   8,   4,   4,
     4,   4,  10,   9,  10,  10,  10,  10,  10,  10,   9,   9,   9,   9,   8,   8);

Define RectList
 ( (   0,  0, 10, 19), (  11,  0,  9, 19), (  21,  0,  8, 19), (  30,  0,  9, 19),
   (  40,  0,  8, 19), (  49,  0,  8, 19), (  58,  0,  9, 19), (  68,  0,  9, 19),
   (  78,  0,  3, 19), (  82,  0,  5, 19), (  88,  0,  9, 19), (  98,  0,  8, 19),
   ( 107,  0, 12, 19), ( 120,  0,  9, 19), ( 130,  0,  9, 19), ( 140,  0,  9, 19),
   ( 150,  0,  8, 19), ( 159,  0,  8, 19), ( 168,  0,  8, 19), ( 177,  0,  8, 19),
   ( 186,  0,  9, 19), ( 196,  0, 10, 19), ( 207,  0, 13, 19), ( 221,  0, 10, 19),
   ( 232,  0, 10, 19), ( 243,  0,  9, 19), ( 253,  0,  8, 19), ( 262,  0,  8, 19),
   ( 271,  0,  7, 19), ( 279,  0,  8, 19), ( 288,  0,  8, 19), ( 297,  0,  4, 19),
   ( 302,  0,  8, 19), ( 311,  0,  8, 19), ( 320,  0,  3, 19), ( 324,  0,  5, 19),
   ( 330,  0,  8, 19), ( 339,  0,  3, 19), ( 343,  0, 11, 19), ( 355,  0,  8, 19),
   ( 364,  0,  8, 19), ( 373,  0,  8, 19), ( 382,  0,  8, 19), ( 391,  0,  4, 19),
   ( 396,  0,  7, 19), ( 404,  0,  4, 19), ( 409,  0,  8, 19), ( 418,  0,  9, 19),
   ( 428,  0, 11, 19), ( 440,  0,  8, 19), ( 449,  0,  8, 19), ( 458,  0,  8, 19),
   ( 467,  0,  9, 19), ( 477,  0,  3, 19), ( 481,  0,  8, 19), ( 490,  0,  8, 19),
   ( 499,  0,  8, 19), ( 508,  0,  7, 19), ( 516,  0,  9, 19), ( 526,  0,  8, 19),
   ( 535,  0,  9, 19), ( 545,  0,  9, 19), ( 555,  0,  8, 19), ( 564,  0,  5, 19),
   ( 570,  0,  3, 19), ( 574,  0, 11, 19), ( 586,  0, 11, 19), ( 598,  0,  8, 19),
   ( 607,  0, 14, 19), ( 622,  0,  8, 19), ( 631,  0, 10, 19), ( 642,  0,  7, 19),
   ( 650,  0,  4, 19), ( 655,  0,  4, 19), ( 660,  0,  5, 19), ( 666,  0,  9, 19),
   ( 676,  0, 10, 19), ( 687,  0,  9, 19), ( 697,  0,  3, 19), ( 701,  0,  5, 19),
   ( 707,  0,  3, 19), ( 711,  0,  5, 19), ( 717,  0,  4, 19), ( 722,  0,  4, 19),
   ( 727,  0,  3, 19), ( 731,  0,  5, 19), ( 737,  0,  3, 19), ( 741,  0,  9, 19),
   ( 751,  0,  3, 19), ( 755,  0,  9, 19), ( 765,  0,  9, 19), ( 775,  0,  8, 19),
   ( 784,  0,  3, 19), ( 788,  0,  7, 19), ( 796,  0, 10, 19), ( 807,  0, 13, 19),
   ( 821,  0,  8, 19), ( 830,  0, 12, 19), ( 843,  0, 12, 19), ( 856,  0,  8, 19),
   ( 865,  0, 10, 19), ( 876,  0, 10, 19), ( 887,  0, 10, 19), ( 898,  0, 10, 19),
   ( 909,  0, 10, 19), ( 920,  0, 10, 19), ( 931,  0, 21, 19), ( 953,  0, 10, 19),
   ( 964,  0,  8, 19), ( 973,  0,  8, 19), ( 982,  0,  8, 19), ( 991,  0,  8, 19),
   (1000,  0,  5, 19), (1006,  0,  5, 19), (1012,  0,  7, 19), (1020,  0,  6, 19),
   (1027,  0, 11, 19), (1039,  0,  9, 19), (1049,  0,  9, 19), (1059,  0,  9, 19),
   (1069,  0,  9, 19), (1079,  0,  9, 19), (1089,  0,  9, 19), (1099,  0, 13, 19),
   (1113,  0,  9, 19), (1123,  0,  9, 19), (1133,  0,  9, 19), (1143,  0,  9, 19),
   (1153,  0, 10, 19), (1164,  0,  8, 19), (1173,  0,  7, 19), (1181,  0,  8, 19),
   (1190,  0,  8, 19), (1199,  0,  8, 19), (1208,  0,  8, 19), (1217,  0,  9, 19),
   (1227,  0, 14, 19), (1242,  0,  9, 19), (1252,  0,  8, 19), (1261,  0,  8, 19),
   (1270,  0,  8, 19), (1279,  0,  8, 19), (1288,  0,  3, 19), (1292,  0,  5, 19),
   (1298,  0,  6, 19), (1305,  0,  6, 19), (1312,  0,  9, 19), (1322,  0,  8, 19),
   (1331,  0,  8, 19), (1340,  0,  8, 19), (1349,  0,  9, 19), (1359,  0,  9, 19),
   (1369,  0,  8, 19), (1378,  0, 11, 19), (1390,  0,  8, 19), (1399,  0,  8, 19),
   (1408,  0,  8, 19), (1417,  0,  8, 19), (1426,  0,  8, 19), (1435,  0,  8, 19));

Define OffsetList
 ( ( 0, 0), ( 0, 0), ( 0, 0), ( 0, 0), ( 0, 0), ( 0, 0), ( 0, 0), ( 0, 0),
   ( 0, 0), ( 0, 0), ( 0, 0), ( 0, 0), ( 0, 0), ( 0, 0), ( 0, 0), ( 0, 0),
   ( 1, 0), ( 1, 0), ( 0, 0), ( 0, 0), ( 0, 0), ( 0, 0), ( 0, 0), ( 0, 0),
   ( 0, 0), ( 0, 0), ( 0, 0), ( 0, 0), ( 0, 0), ( 0, 0), ( 0, 0), ( 0, 0),
   ( 0, 0), ( 0, 0), ( 0, 0), (-1, 0), ( 0, 0), ( 0, 0), ( 0, 0), ( 0, 0),
   ( 0, 0), ( 0, 0), ( 0, 0), ( 0, 0), ( 0, 0), ( 0, 0), ( 0, 0), ( 0, 0),
   ( 0, 0), ( 0, 0), ( 0, 0), ( 0, 0), ( 0, 0), ( 3, 0), ( 1, 0), ( 1, 0),
   ( 1, 0), ( 1, 0), ( 0, 0), ( 1, 0), ( 0, 0), ( 0, 0), ( 1, 0), ( 0, 0),
   ( 0, 0), ( 0, 0), ( 0, 0), ( 0, 0), ( 0, 0), ( 1, 0), ( 0, 0), ( 0, 0),
   ( 0, 0), ( 0, 0), ( 0, 0), ( 0, 0), ( 0, 0), ( 0, 0), ( 0, 0), ( 0, 0),
   ( 1, 0), ( 0, 0), ( 0, 0), ( 0, 0), ( 0, 0), ( 0, 0), ( 0, 0), ( 0, 0),
   ( 0, 0), ( 0, 0), ( 0, 0), ( 0, 0), ( 0, 0), ( 0, 0), ( 0, 0), (-1, 0),
   ( 0, 0), ( 0, 0), ( 0, 0), ( 0, 0), ( 0, 0), ( 0, 0), ( 0, 0), ( 0, 0),
   ( 0, 0), ( 0, 0), (-1, 0), ( 0, 0), ( 0, 0), ( 0, 0), ( 0, 0), ( 0, 0),
   (-1, 0), ( 0, 0), (-1, 0), (-1, 0), ( 0, 0), ( 0, 0), ( 0, 0), ( 0, 0),
   ( 0, 0), ( 0, 0), ( 0, 0), ( 0, 0), ( 0, 0), ( 0, 0), ( 0, 0), ( 0, 0),
   ( 0, 0), ( 1, 0), ( 1, 0), ( 0, 0), ( 0, 0), ( 0, 0), ( 0, 0), ( 0, 0),
   ( 0, 0), ( 0, 0), ( 0, 0), ( 0, 0), ( 0, 0), ( 0, 0), ( 0, 0), (-1, 0),
   (-1, 0), (-1, 0), ( 0, 0), ( 0, 0), ( 0, 0), ( 0, 0), ( 0, 0), ( 0, 0),
   ( 0, 0), ( 0, 0), ( 0, 0), ( 0, 0), ( 0, 0), ( 0, 0), ( 0, 0), ( 0, 0));

CreateLayer               Main;
LayerSetImage             Main 'ContinuumBold12';
LayerSetAscent            Main 16;
LayerSetCharWidths        Main CharList WidthList;
LayerSetCharWidths        Main (' ') (9);
LayerSetImageMap          Main CharList RectList;
LayerSetCharOffsets       Main CharList OffsetList;
LayerSetAscentPadding     Main 0;
LayerSetLineSpacingOffset Main 0;
LayerSetPointSize         Main 12;

SetDefaultPointSize  12;
